145992 5 0 0
189069 5 440 59
199177 5 0 0
202737 6 0 0
203342 7 0 0
206066 8 0 0
218699 14 16 8
243614 10 48 13
251825 9 0 0
277836 6 0 0
285927 9 231 85
306455 7 0 0
308227 14 0 0
308916 11 108 29
340590 13 0 0
352798 10 0 0
357956 9 0 0
365714 42 0 0
371980 7 0 0
372416 5 196 57
374251 8 312 98
380309 32 161 32
387507 9 0 0
390416 7 183 51
401095 10 0 0
401786 8 0 0
402205 8 0 0
406584 16 0 0
415216 7 0 0
419428 5 0 0
423117 6 139 39
424549 5 0 0
442658 6 0 0
447130 6 0 0
452063 15 0 0
455167 63 208 72
458384 8 607 120
460185 17 0 0
463575 7 34 21
464332 10 0 0
474119 9 0 0
479798 6 0 0
488766 5 0 0
495284 10 1321 160
498385 5 233 56
518398 5 0 0
535822 6 528 179
541953 15 0 0
547368 5 0 0
547913 16 0 0
553995 10 122 31
560579 6 0 0
563594 12 0 0
579258 6 0 0
599170 9 0 0
611067 10 0 0
617347 7 0 0
618412 8 0 0
620923 6 0 0
654560 7 0 0
675718 18 450 278
693583 5 103 26
711224 8 0 0
734213 7 0 0
924126 5 0 0
