121828 0 5 0
135691 0 8 0
147172 5 0 7
148258 7 0 2
165308 0 16 0
175734 24 0 25
189069 1 38 19
203342 0 82 0
206066 0 5 0
218699 0 7 0
220476 1 0 7
228686 0 5 0
229760 0 11 0
251825 0 11 0
254689 0 6 0
277836 0 7 0
284738 0 6 0
285927 2 38 16
308227 0 38 0
309783 13 1 6
310108 3 18 57
318928 12 0 16
320873 7 1 1
335728 23 3 24
340590 0 15 0
347645 0 15 0
357956 0 5 0
365714 0 97 0
365850 2 3 6
371980 0 7 0
374251 4 10 83
377493 30 32 177
380309 1 9 2
387507 0 17 0
389974 0 11 0
390416 8 4 17
398920 31 10 41
401786 0 9 0
406107 0 5 0
406584 0 71 0
410877 56 45 114
415216 0 12 0
419428 0 13 0
423117 6 20 13
424549 0 10 0
437027 0 5 0
437036 22 6 39
442658 0 11 0
447130 0 8 0
447939 3 3 18
452063 0 7 0
455167 30 60 363
458072 0 12 0
458384 188 34 384
459075 0 5 0
459689 7 1 4
460185 0 71 0
462570 6 1 4
464332 0 21 0
469646 0 6 0
483733 0 7 0
489725 0 7 0
495284 0 73 0
498385 50 17 67
513029 0 12 0
518031 0 6 0
518441 81 32 192
523728 0 7 0
524020 6 2 14
535294 6 6 15
535822 1 36 19
536882 9 0 12
539694 13 1 9
541953 0 26 0
547913 0 70 0
554039 0 6 0
560579 0 6 0
563594 0 5 0
571099 0 5 0
577285 10 9 65
585414 0 5 0
585512 19 6 16
590196 0 6 0
592278 7 6 14
595559 45 14 61
598360 8 1 3
599170 0 11 0
603726 8 1 2
605529 0 25 0
611067 0 23 0
617347 0 6 0
628679 1 5 8
633403 69 4 26
645098 0 8 0
645449 21 2 6
672120 10 1 9
675347 0 16 0
675718 81 97 324
675923 0 6 0
684658 13 4 8
689265 0 5 0
693132 4 6 20
693583 16 16 51
694961 0 5 0
708579 6 2 0
709222 6 0 0
711224 0 12 0
732981 2 2 5
736475 0 6 0
765070 0 7 0
774183 0 5 0
782856 0 13 0
794091 7 0 0
798703 15 0 5
804223 13 0 1
822617 0 7 0
885762 5 1 5
