1001582 1 4 16
111362 3 7 9
13167 0 5 0
136824 1 9 24
147172 0 8 0
165308 1 5 4
175701 0 14 0
187666 1 4 11
189069 4 13 47
190764 1 4 10
190885 4 165 14
191241 0 8 0
203679 1 4 12
214255 2 5 20
216702 2 8 9
218699 1 143 2
218989 3 18 21
220476 3 87 182
221559 2 7 23
222369 0 5 0
231944 2 9 27
243614 13 300 217
270361 0 6 0
271792 0 8 0
273345 2 4 11
288536 0 5 0
292870 1 6 13
299889 0 57 0
302901 1 8 30
303198 1 5 12
304706 3 9 18
307197 0 8 0
307403 0 18 0
308830 2 16 104
308916 6 1364 308
309238 1 173 41
309639 0 8 0
310108 0 37 0
314554 0 14 0
316186 1 6 0
316306 0 7 0
317019 1 11 27
318928 1 55 3
319766 0 33 0
319996 1 4 13
322138 1 9 31
322685 1 4 9
322971 0 14 0
324605 1 7 8
325652 3 6 20
325788 1 4 9
328525 0 7 0
332074 0 47 0
348235 1 20 4
351171 1 4 6
351676 0 5 0
353713 1 22 5
356785 0 6 0
359940 3 3 6
360528 1 4 14
364937 4 1 13
365714 4 126 31
365850 1 26 77
366997 1 5 11
372900 1 26 16
376953 3 5 18
377493 1 6 10
379478 1 9 26
379507 1 6 17
380309 5 195 298
383744 0 10 0
390828 1 6 11
404093 0 9 0
410500 2 18 39
410877 6 10 38
418676 2 10 26
421550 1 7 13
423117 2 5 10
424213 0 8 0
425301 0 5 0
436804 1 8 18
437322 1 5 21
445583 2 7 17
446030 1 6 23
450485 2 10 28
451075 1 5 11
455051 1 4 34
455167 3 368 19
462570 2 51 5
463575 5 19 45
471708 6 2 48
474956 1 11 29
480448 0 7 0
483704 0 7 0
485534 1 9 11
488983 0 14 0
490515 0 9 0
491925 1 4 9
494217 5 4 27
495284 0 5 0
498222 0 6 0
498385 0 27 0
502446 1 4 10
503422 0 10 0
503726 1 14 39
504060 0 11 0
505051 3 16 19
511312 16 29 100
520436 1 4 11
524020 1 11 5
527657 3 11 16
533734 1 4 11
535294 1 16 8
535393 1 5 25
535712 0 6 0
538011 1 6 27
539694 2 11 9
547573 0 12 0
550381 0 9 0
553995 0 101 0
554039 0 49 0
561727 2 3 11
562027 3 12 26
562141 1 20 58
564785 12 2 36
573005 0 6 0
577285 2 24 16
592278 1 11 21
595212 1 4 16
597107 1 6 16
606448 0 9 0
628679 0 7 0
645449 1 5 17
650233 1 5 11
660086 2 14 11
668715 2 4 10
673235 0 5 0
675718 0 5 0
682845 0 5 0
684658 1 8 7
693583 0 7 0
716202 5 0 12
719897 0 6 0
729009 0 20 0
729594 1 4 16
732810 3 7 14
741971 2 5 5
742369 3 3 20
752828 3 4 16
774488 1 5 20
776192 1 4 18
794091 1 10 5
883201 1 5 12
897400 0 7 0
900051 2 3 7
919093 1 6 19
936964 1 40 61
948313 1 4 11
948349 1 4 5
956781 2 3 10
960112 4 3 18
969042 2 5 4
998979 3 13 3
999891 0 33 0
